Result of Pass 1: 
10 10 0 1 
1  1  0  2  0  0  3  0  4  0  
0  1  0  2  2  0  3  0  4  0  
0  1  0  0  2  0  3  0  4  0  
5  1  0  0  2  0  3  0  4  4  
5  0  6  6  0  0  3  0  4  0  
0  0  0  0  7  7  3  3  3  0  
0  0  8  0  0  0  0  3  0  9  
10 10 8  8  0  0  11 0  12 0  
10 0  8  0  13 13 11 11 0  0  
0  0  0  0  0  13 0  11 0  0  
------------------------------------
EQ Ary after Pass 1: 
1 2 3 3 1 6 3 8 9 8 11 12 11 
------------------------------------
Result of Pass 2: 
10 10 0 1 
1  1  0  2  0  0  3  0  3  0  
0  1  0  2  2  0  3  0  3  0  
0  1  0  0  2  0  3  0  3  0  
1  1  0  0  2  0  3  0  3  3  
1  0  6  6  0  0  3  0  3  0  
0  0  0  0  3  3  3  3  3  0  
0  0  8  0  0  0  0  3  0  9  
8  8  8  8  0  0  11 0  12 0  
8  0  8  0  11 11 11 11 0  0  
0  0  0  0  0  11 0  11 0  0  
------------------------------------
EQ Ary after Pass 2: 
1 2 3 3 1 6 3 8 9 8 11 12 11 
------------------------------------
EQ Ary after management: 
1 2 3 3 1 4 3 5 6 5 7 8 7 
------------------------------------
Result of Pass 3 
10 10 0 1 
1  1  0  2  0  0  3  0  3  0  
0  1  0  2  2  0  3  0  3  0  
0  1  0  0  2  0  3  0  3  0  
1  1  0  0  2  0  3  0  3  3  
1  0  4  4  0  0  3  0  3  0  
0  0  0  0  3  3  3  3  3  0  
0  0  5  0  0  0  0  3  0  9  
5  5  5  5  0  0  7  0  8  0  
5  0  5  0  7  7  7  7  0  0  
0  0  0  0  0  11 0  11 0  0  
------------------------------------
EQ Ary after Pass 3 
1 2 3 3 1 4 3 5 6 5 7 8 7 
------------------------------------
10 10 0 1 
1  1  0  2  0  0  3  0  3  0  
0  1  1  2  2  3  3  3  3  3  
0  1  1  0  2  3  3  0  3  3  
1  1  1  0  2  3  3  0  3  3  
1  1  1  4  2  3  3  0  3  3  
0  1  1  4  4  3  3  3  3  3  
0  0  5  0  0  3  0  3  0  3  
5  5  5  5  5  3  3  3  3  3  
5  5  5  0  5  7  7  7  7  8  
0  5  5  5  5  7  7  7  7  0  
------------------------------------
True number of Connected Components: 8